%BalancePlayer
x = [169, 198, 205, 213, 241, 199, 166, 203, 182, 149, 179, 156, 215, 185, 148, 155, 202, 123, 211, 212, 209, 227, 168, 206, 208, 157, 232, 99, 246, 199, 123, 196, 186, 233, 188, 228, 160, 204, 254, 167, 155, 173, 155, 180, 175, 227, 178, 168, 216, 173, 155, 212, 235, 170, 249, 175, 233, 205, 213, 199, 172, 221, 153, 178, 238, 269, 209, 166, 240, 212, 159, 169, 163, 269, 138, 184, 195, 168, 347, 199, 201, 167, 281, 175, 135, 161, 229, 197, 172, 217, 144, 188, 196, 221, 243, 178, 189, 145, 201, 188, 240, 146, 194, 130, 194, 168, 195, 159, 166, 267, 235, 176, 192, 140, 134, 181, 215, 216, 236, 147, 228, 176, 118, 208, 178, 172, 255, 174, 254, 200, 129, 256, 147, 177, 116, 145, 186, 207, 165, 157, 232, 170, 219, 169, 141, 213, 229, 147, 176, 164, 218, 191, 142, 217, 208, 168, 216, 231, 153, 176, 197, 165, 203, 211, 247, 148, 247, 191, 215, 182, 253, 168, 173, 182, 241, 224, 175, 157, 163, 179, 171, 196, 226, 177, 279, 326, 218, 225, 212, 161, 191, 169, 163, 174, 190, 121, 183, 185, 122, 164, 197, 197, 185, 159, 176, 183, 144, 217, 141, 249, 110, 133, 192, 287, 189, 185, 210, 206, 187, 149, 197, 151, 192, 187, 258, 197, 113, 245, 216, 159, 170, 253, 285, 253, 147, 163, 149, 187, 149, 136, 187, 225, 292, 175, 171, 138, 175, 192, 174, 194, 152, 122, 166, 161, 224, 315, 185, 187, 178, 156, 193, 140, 181, 166, 146, 167, 155, 173, 213, 113, 198, 126, 158, 182, 217, 140, 144, 141, 179, 220, 196, 179, 244, 172, 124, 236, 156, 146, 218, 131, 166, 209, 206, 258, 116, 188, 279, 196, 181, 208, 229, 170, 178, 167, 156, 196, 154, 172, 183, 243, 216, 152, 207, 173, 212, 152, 187, 268, 127, 127, 215, 219, 166, 206, 133, 180, 236, 233, 194, 211, 225, 212, 181, 174, 226, 149, 157, 254, 146, 225, 155, 127, 210, 143, 133, 144, 221, 218, 254, 170, 239, 201, 236, 231, 203, 161, 169, 207, 189, 163, 236, 209, 158, 157, 221, 218, 247, 169, 226, 185, 170, 237, 182, 206, 139, 229, 144, 212, 205, 197, 221, 262, 241, 238, 214, 233, 189, 185, 169, 209, 221, 224, 149, 160, 199, 188, 217, 198, 163, 250, 186, 169, 209, 196, 242, 206, 239, 219, 273, 290, 193, 156, 181, 241, 154, 208, 184, 219, 140, 205, 158, 120, 213, 156, 205, 197, 272, 199, 239, 173, 227, 232, 208, 178, 182, 272, 205, 185, 130, 164, 217, 209, 125, 227, 196, 112, 180, 132, 183, 222, 234, 221, 199, 163, 217, 136, 219, 212, 171, 179, 252, 186, 175, 129, 200, 121, 253, 204, 146, 235, 185, 159, 152, 151, 172, 216, 177, 166, 151, 194, 193, 134, 132, 187, 183, 229, 170, 251, 305, 159, 180, 182, 186, 228, 229, 188, 175, 162, 149, 139, 225, 218, 196, 207, 210, 174, 269, 203, 196, 220, 208, 129, 165, 162, 197, 89, 185, 181, 212, 182, 192, 184, 215, 211, 129, 172, 170, 191, 132, 186, 165, 225, 213, 151, 144, 160, 188, 191, 232, 151, 216, 173, 205, 171, 153, 177, 195, 220, 158, 249, 146, 188, 140, 235, 225, 143, 133, 253, 179, 162, 212, 219, 204, 225, 146, 202, 188, 187, 155, 119, 164, 239, 126, 171, 194, 114, 169, 248, 185, 191, 224, 154, 228, 220, 191, 223, 212, 191, 193, 132, 143, 210, 210, 228, 148, 206, 212, 195, 168, 174, 155, 144, 189, 233, 169, 117, 154, 162, 194, 186, 207, 165, 172, 118, 227, 257, 248, 259, 220, 197, 167, 231, 212, 152, 185, 185, 214, 191, 163, 203, 234, 144, 169, 220, 151, 189, 224, 137, 221, 215, 225, 205, 151, 166, 186, 192, 139, 232, 214, 199, 146, 234, 159, 220, 189, 168, 179, 205, 210, 186, 131, 183, 214, 209, 215, 169, 170, 246, 209, 213, 162, 138, 191, 181, 151, 185, 208, 244, 205, 166, 189, 206, 168, 225, 202, 231, 157, 206, 214, 173, 237, 250, 186, 163, 248, 154, 329, 188, 149, 185, 189, 237, 145, 189, 165, 171, 165, 230, 182, 224, 192, 189, 154, 237, 199, 164, 133, 270, 157, 211, 193, 194, 171, 163, 223, 169, 192, 189, 158, 185, 199, 243, 192, 185, 232, 153, 212, 191, 158, 194, 215, 229, 157, 162, 176, 151, 218, 212, 179, 176, 187, 199, 143, 203, 174, 231, 213, 184, 237, 211, 165, 224, 164, 223, 225, 174, 190, 156, 205, 192, 166, 186, 210, 228, 192, 147, 148, 168, 233, 148, 219, 138, 171, 203, 217, 204, 203, 276, 235, 243, 166, 198, 216, 177, 275, 213, 213, 153, 194, 195, 162, 241, 215, 173, 195, 153, 175, 171, 158, 145, 205, 178, 179, 210, 178, 187, 143, 169, 174, 130, 216, 159, 195, 173, 134, 193, 203, 166, 199, 210, 113, 237, 153, 217, 199, 252, 221, 205, 161, 183, 201, 226, 237, 143, 202, 206, 213, 184, 332, 214, 194, 194, 177, 203, 135, 185, 155, 191, 235, 207, 191, 217, 174, 177, 153, 160, 243, 184, 247, 202, 178, 217, 225, 191, 155, 190, 155, 186, 217, 176, 216, 190, 219, 184, 265, 297, 188, 173, 216, 155, 102, 174, 167, 171, 161, 168, 241, 177, 204, 159, 165, 206, 169, 153, 123, 195, 121, 110, 199, 178, 183, 208, 265, 178, 236, 202, 218, 149, 185, 203, 176, 156, 241, 199, 184, 169, 166, 156, 217, 141, 195, 201, 241, 270, 172, 237, 135, 202, 183, 275, 180, 156, 236, 233, 200, 167, 165, 223, 181, 141, 172, 176, 178, 195, 177, 198, 215, 217, 165, 189, 195, 214, 209, 160, 185, 182, 186, 222, 157, 199, 155, 228, 158, 148, 205, 177, 202, 171, 179, 164, 247, 208, 160, 210, 165, 195, 179, 240, 243, 152, 222, 188, 206, 184, 157, 234, 144, 202, 182, 219]; 

%HighScoreWordPlayer
