%BalancePlayer
x = [249, 177, 140, 168, 140, 233, 171, 175, 241, 130, 178, 198, 150, 168, 146, 148, 160, 191, 126, 216, 242, 200, 135, 158, 205, 226, 178, 151, 182, 151, 169, 244, 213, 192, 173, 172, 183, 200, 158, 204, 165, 198, 172, 174, 167, 191, 246, 224, 177, 176, 179, 257, 184, 184, 174, 183, 161, 160, 135, 152, 206, 162, 160, 185, 173, 196, 215, 181, 140, 148, 205, 156, 143, 141, 133, 169, 211, 165, 172, 143, 214, 247, 166, 192, 131, 121, 165, 187, 172, 206, 160, 234, 211, 200, 175, 197, 150, 210, 263, 193, 108, 189, 208, 158, 134, 180, 202, 142, 139, 124, 155, 158, 187, 177, 146, 144, 168, 204, 292, 187, 146, 163, -11, 137, 90, 173, 178, 192, 154, 180, 161, 174, 208, 202, 158, 163, 190, 162, 174, 170, 204, 117, 193, 192, 169, 170, 109, 154, 194, 192, 245, 143, 197, 142, 196, 165, 206, 198, 213, 124, 198, 177, 63, 266, 191, 168, 161, 117, 199, 187, 182, 148, 224, 182, 219, 129, 177, 156, 172, 262, 165, 135, 168, 220, 131, 214, 162, 128, 140, 143, 129, 184, 208, 144, 247, 120, 210, 218, 144, 172, 164, 147, 205, 169, 191, 154, 171, 166, 154, 141, 79, 212, 252, 189, 147, 138, 135, 123, 207, 250, 173, 69, 136, 233, 177, 194, 193, 185, 141, 193, 241, 188, 182, 180, 182, 219, 147, 213, 175, 163, 184, 96, 212, 198, 178, 218, 231, 126, 180, 162, 224, 165, 114, 191, 111, 176, 176, 221, 201, 138, 238, 191, 141, 234, 208, 89, 127, 188, 247, 197, 99, 166, 184, 170, 113, 201, 208, 185, 169, 147, 147, 175, 153, 208, 170, 160, 133, 235, 209, 234, 212, 228, 178, 168, 201, 205, 189, 166, 186, 255, 203, 206, 189, 154, 158, 172, 136, 189, 169, 135, 244, 176, 161, 205, 215, 178, 250, 166, 143, 205, 215, 209, 220, 172, 166, 134, 190, 183, 155, 236, 186, 201, 205, 144, 176, 156, 178, 187, 187, 232, 223, 202, 161, 156, 158, 154, 126, 177, 174, 187, 166, 124, 174, 189, 188, 192, 228, 171, 187, 148, 192, 141, 203, 189, 197, 197, 84, 164, 163, 180, 156, 155, 163, 148, 160, 122, 138, 170, 149, 171, 187, 162, 185, 160, 235, 168, 168, 189, 177, 164, 183, 138, 279, 251, 138, 134, 199, 170, 170, 206, 200, 154, 229, 206, 175, 165, 195, 193, 189, 204, 163, 192, 195, 177, 180, 178, 121, 167, 206, 174, 118, 169, 209, 199, 148, 178, 192, 210, 235, 172, 180, 213, 191, 191, 188, 162, 179, 166, 179, 132, 163, 188, 205, 150, 178, 214, 173, 246, 115, 197, 255, 170, 227, 167, 185, 155, 210, 224, 157, 135, 162, 161, 222, 188, 183, 214, 130, 218, 182, 184, 130, 189, 166, 145, 153, 145, 155, 203, 150, 167, 131, 198, 193, 202, 157, 166, 167, 165, 137, 195, 144, 202, 169, 153, 190, 207, 144, 189, 214, 119, 130, 196, 143, 123, 206, 172, 204, 192, 180, 127, 119, 177, 169, 158, 174, 152, 210, 245, 132, 240, 171, 137, 220, 194, 143, 165, 126, 185, 165, 196, 195, 216, 173, 127, 185, 202, 237, 183, 218, 218, 188, 203, 162, 160, 191, 226, 151, 136, 184, 170, 185, 132, 130, 225, 189, 128, 163, 154, 206, 154, 146, 215, 171, 142, 130, 128, 196, 176, 202, 188, 146, 146, 248, 207, 189, 163, 152, 119, 161, 185, 151, 171, 170, 185, 194, 166, 162, 215, 185, 186, 163, 234, 165, 229, 230, 166, 166, 175, 190, 144, 194, 162, 165, 180, 104, 183, 219, 209, 173, 158, 156, 208, 199, 189, 160, 250, 173, 216, 227, 178, 159, 217, 121, 180, 198, 192, 196, 161, 155, 153, 169, 127, 175, 175, 203, 154, 110, 172, 226, 192, 241, 145, 161, 208, 183, 152, 182, 257, 241, 141, 147, 186, 204, 164, 187, 169, 198, 188, 176, 166, 160, 211, 207, 189, 211, 133, 167, 205, 208, 209, 183, 178, 170, 214, 202, 187, 236, 216, 130, 164, 123, 146, 232, 186, 242, 164, 202, 160, 218, 133, 268, 180, 162, 194, 175, 187, 185, 185, 175, 193, 209, 219, 205, 158, 177, 108, 221, 210, 235, 162, 202, 175, 167, 173, 166, 187, 176, 210, 281, 189, 160, 205, 197, 129, 207, 188, 153, 137, 166, 200, 173, 209, 201, 217, 159, 150, 123, 221, 160, 171, 208, 172, 182, 184, 120, 187, 109, 176, 203, 185, 155, 175, 182, 186, 163, 175, 199, 215, 202, 166, 144, 157, 180, 146, 171, 222, 159, 202, 202, 192, 236, 194, 191, 151, 167, 199, 195, 198, 143, 143, 156, 180, 176, 122, 202, 198, 182, 167, 139, 181, 210, 189, 136, 171, 126, 188, 233, 188, 207, 177, 142, 203, 211, 228, 153, 189, 205, 137, 173, 191, 210, 172, 217, 145, 208, 192, 178, 159, 61, 243, 186, 224, 171, 126, 189, 164, 184, 180, 164, 225, 121, 172, 198, 222, 179, 190, 152, 172, 145, 205, 111, 198, 188, 167, 144, 129, 171, 118, 174, 146, 143, 181, 218, 192, 210, 236, 191, 177, 161, 112, 129, 198, 152, 120, 135, 197, 249, 201, 193, 228, 225, 184, 162, 243, 202, 219, 188, 142, 217, 141, 213, 185, 219, 209, 186, 216, 166, 204, 134, 170, 187, 95, 205, 237, 265, 116, 142, 167, 175, 159, 133, 212, 176, 168, 228, 164, 143, 205, 168, 156, 207, 185, 196, 198, 201, 216, 156, 169, 137, 171, 181, 176, 186, 186, 239, 163, 216, 146, 172, 191, 82, 259, 120, 202, 204, 184, 197, 153, 207, 143, 173, 155, 169, 142, 98, 192, 216, 197, 190, 234, 195, 200, 204, 185, 155, 200, 205, 153, 162, 173, 200, 190, 185, 64, 164, 147, 180, 183, 171, 171, 185, 220, 145, 188, 168, 152, 183, 205, 176, 153, 188, 141, 165, 164, 141, 103, 196, 172, 114, 189, 209, 258, 202, 152, 200, 208, 218, 134, 159, 208]; 

%HighScoreWordPlayer
