%BalancePlayer
x = [194, 142, 186, 228, 199, 230, 214, 297, 235, 215, 207, 174, 156, 201, 211, 205, 153, 168, 183, 210, 195, 181, 204, 180, 262, 172, 150, 177, 152, 211, 282, 224, 157, 225, 206, 201, 210, 213, 182, 215, 275, 214, 194, 178, 183, 190, 224, 152, 190, 195, 113, 207, 230, 146, 196, 193, 193, 187, 189, 171, 230, 210, 177, 191, 273, 222, 227, 169, 151, 224, 193, 252, 264, 160, 189, 192, 134, 222, 216, 231, 167, 241, 186, 202, 158, 273, 153, 154, 230, 157, 275, 212, 197, 256, 300, 135, 251, 169, 238, 218, 188, 236, 246, 178, 212, 159, 185, 201, 211, 186, 206, 173, 203, 196, 157, 179, 257, 159, 167, 198, 121, 196, 222, 205, 194, 195, 208, 213, 244, 233, 185, 137, 229, 233, 213, 252, 260, 197, 161, 207, 272, 193, 149, 253, 224, 175, 148, 229, 156, 223, 233, 214, 247, 159, 188, 248, 178, 131, 237, 205, 225, 184, 196, 154, 198, 213, 262, 171, 164, 193, 207, 143, 180, 186, 181, 182, 142, 190, 224, 216, 211, 233, 112, 225, 127, 176, 236, 250, 244, 195, 237, 166, 219, 202, 199, 252, 268, 306, 267, 181, 206, 194, 260, 229, 192, 271, 149, 184, 286, 208, 218, 185, 171, 180, 210, 191, 219, 207, 238, 217, 171, 148, 211, 185, 276, 177, 190, 218, 133, 219, 161, 148, 251, 210, 218, 282, 149, 128, 276, 238, 275, 159, 202, 249, 191, 262, 174, 179, 157, 242, 231, 267, 151, 175, 184, 176, 243, 259, 183, 189, 222, 188, 193, 205, 203, 227, 177, 215, 271, 255, 161, 207, 133, 262, 181, 211, 207, 179, 220, 197, 220, 195, 201, 210, 211, 239, 220, 275, 173, 196, 257, 271, 151, 176, 307, 199, 297, 170, 298, 170, 181, 200, 178, 205, 250, 163, 203, 210, 157, 187, 243, 268, 263, 238, 230, 175, 227, 198, 160, 231, 206, 218, 200, 201, 235, 149, 218, 192, 239, 206, 204, 206, 208, 214, 218, 212, 137, 238, 375, 214, 181, 231, 216, 161, 211, 208, 257, 266, 176, 180, 155, 192, 208, 283, 197, 213, 263, 237, 224, 181, 278, 220, 180, 197, 158, 217, 168, 176, 215, 208, 177, 195, 259, 277, 137, 182, 185, 262, 268, 206, 184, 201, 177, 228, 213, 169, 152, 206, 243, 205, 245, 240, 154, 172, 163, 163, 207, 179, 232, 253, 242, 199, 194, 206, 215, 216, 234, 201, 189, 267, 164, 184, 179, 164, 160, 243, 198, 201, 182, 186, 203, 217, 357, 176, 194, 265, 215, 245, 253, 155, 193, 175, 183, 220, 176, 170, 249, 184, 264, 192, 175, 168, 262, 301, 169, 198, 138, 227, 193, 299, 130, 264, 149, 167, 221, 172, 212, 213, 239, 181, 219, 195, 186, 266, 146, 263, 183, 173, 191, 213, 224, 171, 229, 227, 232, 248, 138, 229, 239, 141, 293, 262, 211, 184, 206, 231, 212, 175, 213, 190, 156, 214, 215, 239, 162, 218, 154, 283, 153, 288, 239, 194, 279, 182, 171, 207, 199, 242, 259, 203, 266, 259, 185, 212, 244, 135, 186, 210, 263, 171, 276, 252, 190, 169, 200, 148, 162, 221, 170, 211, 179, 263, 199, 230, 220, 141, 287, 276, 150, 288, 225, 232, 316, 204, 225, 233, 242, 252, 150, 168, 227, 266, 218, 239, 211, 217, 242, 194, 162, 195, 219, 217, 220, 210, 211, 201, 271, 224, 206, 194, 229, 237, 220, 212, 205, 250, 234, 247, 139, 214, 161, 196, 188, 232, 206, 181, 193, 219, 169, 219, 243, 210, 193, 193, 208, 225, 258, 267, 192, 276, 163, 186, 223, 211, 211, 197, 193, 197, 229, 271, 224, 119, 352, 212, 200, 197, 191, 154, 222, 219, 213, 189, 285, 247, 263, 220, 216, 204, 171, 188, 265, 202, 170, 208, 252, 267, 229, 190, 268, 224, 214, 205, 236, 203, 279, 196, 179, 158, 238, 244, 213, 234, 175, 224, 214, 216, 178, 283, 256, 218, 216, 198, 163, 213, 246, 182, 189, 185, 258, 249, 217, 169, 210, 218, 239, 199, 284, 244, 261, 190, 163, 282, 156, 206, 185, 189, 214, 174, 131, 177, 169, 257, 191, 281, 298, 230, 177, 212, 222, 208, 328, 184, 229, 183, 224, 184, 179, 291, 296, 255, 192, 189, 287, -11, 168, 192, 222, 169, 129, 171, 168, 219, 167, 145, 191, 237, 249, 218, 248, 169, 230, 240, 176, 234, 174, 253, 223, 259, 230, 158, 173, 169, 254, 273, 206, 244, 179, 177, 191, 166, 251, 164, 106, 212, 195, 219, 190, 252, 220, 206, 190, 159, 175, 224, 254, 185, 203, 167, 244, 179, 282, 217, 241, 247, 180, 239, 204, 288, 205, 179, 265, 185, 242, 207, 237, 232, 215, 178, 337, 270, 169, 166, 178, 278, 247, 268, 186, 254, 263, 200, 168, 172, 198, 203, 196, 159, 333, 217, 240, 220, 226, 158, 263, 171, 219, 154, 191, 145, 211, 243, 225, 174, 230, 198, 247, 237, 187, 193, 149, 180, 233, 205, 198, 230, 173, 178, 214, 161, 184, 269, 199, 219, 195, 181, 280, 203, 241, 178, 200, 225, 239, 195, 223, 203, 245, 151, 196, 179, 190, 176, 218, 196, 273, 213, 257, 232, 208, 189, 203, 263, 217, 193, 207, 216, 217, 198, 197, 153, 253, 263, 214, 190, 186, 260, 220, 165, 223, 262, 220, 207, 254, 193, 210, 256, 256, 210, 214, 186, 247, 228, 173, 226, 238, 228, 187, 197, 153, 211, 210, 179, 191, 164, 268, 214, 158, 200, 259, 235, 267, 231, 158, 213, 295, 218, 204, 208, 241, 185, 248, 227, 215, 177, 278, 174, 229, 147, 180, 191, 202, 210, 221, 190, 234, 243, 290, 314, 248, 173, 198, 220, 192, 194, 203, 240, 182, 236, 240, 223, 220, 200, 199, 162, 216, 195, 173, 187, 157, 211, 158, 213, 173, 155, 216, 231, 198, 187, 197, 202, 208, 179, 188, 247, 247, 133, 262, 230, 224, 208, 185, 124, 296, 191, 194, 134, 216, 187, 218, 230, 280, 249]; 

%BonusSquarePlayer
