%BalanceOnRackPlayer
x = [425, 412, 413, 418, 529, 357, 477, 355, 443, 457, 353, 386, 378, 385, 372, 367, 365, 304, 344, 411, 296, 426, 410, 458, 525, 422, 373, 417, 374, 436, 305, 432, 317, 519, 577, 509, 324, 386, 418, 378, 326, 413, 334, 358, 480, 553, 466, 478, 387, 419, 380, 396, 445, 442, 330, 589, 451, 376, 356, 407, 315, 476, 385, 399, 437, 504, 351, 349, 334, 424, 428, 494, 469, 493, 377, 411, 493, 335, 427, 375, 492, 338, 441, 404, 556, 318, 373, 376, 470, 638, 406, 259, 349, 352, 459, 599, 482, 331, 566, 304, 421, 444, 451, 319, 497, 354, 375, 443, 534, 473, 339, 471, 463, 445, 480, 420, 329, 371, 298, 182, 386, 438, 578, 358, 412, 623, 387, 357, 316, 583, 320, 496, 385, 353, 474, 564, 287, 494, 446, 453, 487, 489, 389, 419, 377, 448, 455, 439, 443, 495, 400, 434, 485, 449, 483, 461, 406, 460, 367, 485, 393, 362, 308, 306, 434, 340, 349, 354, 469, 394, 377, 404, 545, 309, 380, 660, 305, 311, 422, 372, 517, 299, 420, 393, 468, 361, 454, 409, 377, 300, 607, 328, 347, 360, 368, 352, 408, 384, 304, 436, 361, 413, 333, 488, 495, 373, 463, 448, 342, 293, 444, 371, 494, 558, 413, 559, 472, 352, 381, 440, 423, 506, 390, 563, 432, 421, 347, 320, 423, 349, 453, 198, 365, 349, 328, 418, 399, 361, 421, 433, 504, 332, 707, 294, 473, 390, 290, 496, 439, 559, 335, 333, 352, 283, 409, 409, 570, 457, 437, 347, 436, 446, 349, 387, 539, 477, 417, 339, 444, 467, 561, 364, 346, 350, 422, 379, 454, 410, 338, 389, 305, 445, 414, 370, 360, 387, 362, 361, 412, 516, 489, 463, 337, 514, 492, 427, 692, 406, 463, 329, 429, 486, 500, 402, 426, 395, 332, 377, 514, 440, 428, 392, 357, 449, 525, 538, 572, 402, 457, 381, 412, 286, 381, 423, 353, 364, 362, 337, 339, 353, 403, 352, 337, 488, 468, 431, 299, 437, 425, 355, 415, 345, 361, 428, 314, 324, 398, 383, 349, 476, 407, 399, 582, 484, 368, 445, 525, 332, 355, 283, 364, 428, 412, 435, 543, 388, 338, 376, 438, 336, 307, 336, 399, 464, 383, 461, 397, 428, 398, 485, 414, 367, 367, 438, 359, 426, 311, 490, 449, 351, 477, 327, 421, 363, 437, 374, 438, 441, 375, 308, 376, 367, 310, 473, 443, 508, 455, 373, 378, 308, 317, 362, 383, 444, 339, 351, 359, 463, 341, 424, 497, 462, 355, 347, 430, 340, 375, 376, 397, 468, 356, 411, 464, 481, 550, 379, 400, 506, 428, 350, 320, 480, 349, 437, 677, 528, 343, 495, 372, 409, 342, 340, 413, 356, 386, 355, 444, 477, 324, 335, 453, 414, 462, 320, 337, 333, 473, 441, 490, 494, 330, 480, 488, 455, 246, 500, 365, 346, 340, 298, 532, 427, 411, 377, 388, 427, 576, 436, 516, 436, 446, 405, 347, 412, 605, 536, 420, 383, 417, 376, 324, 621, 304, 478, 441, 372, 355, 300, 370, 423, 523, 396, 524, 373, 453, 367, 322, 415, 516, 482, 356, 404, 348, 423, 606, 351, 416, 376, 444, 428, 390, 419, 638, 402, 356, 410, 366, 645, 360, 617, 497, 392, 486, 541, 384, 520, 517, 341, 416, 342, 309, 442, 404, 348, 383, 421, 536, 574, 411, 350, 354, 402, 357, 469, 565, 422, 317, 522, 325, 394, 360, 393, 318, 337, 446, 418, 496, 464, 339, 469, 422, 400, 372, 305, 467, 473, 419, 343, 411, 387, 420, 285, 397, 316, 405, 340, 411, 493, 542, 270, 591, 443, 378, 422, 290, 337, 347, 475, 404, 501, 500, 383, 428, 423, 454, 374, 342, 403, 510, 316, 657, 494, 340, 337, 507, 397, 433, 430, 435, 315, 541, 409, 571, 480, 303, 488, 419, 363, 438, 375, 489, 345, 351, 390, 387, 358, 506, 329, 476, 373, 388, 369, 448, 323, 378, 445, 407, 272, 392, 440, 372, 453, 320, 480, 497, 529, 456, 531, 463, 385, 367, 358, 418, 441, 374, 422, 492, 475, 432, 396, 360, 391, 524, 369, 433, 339, 601, 344, 480, 392, 297, 534, 408, 433, 428, 278, 522, 417, 436, 465, 394, 414, 418, 390, 387, 419, 570, 452, 465, 551, 402, 497, 600, 402, 269, 592, 431, 336, 377, 311, 280, 348, 422, 305, 384, 302, 346, 413, 343, 311, 343, 504, 459, 389, 415, 250, 473, 330, 336, 379, 471, 390, 338, 399, 320, 471, 315, 381, 459, 530, 397, 421, 373, 535, 275, 450, 369, 346, 452, 339, 472, 390, 401, 441, 445, 547, 361, 318, 310, 587, 455, 431, 477, 367, 432, 484, 569, 305, 361, 483, 514, 578, 444, 358, 361, 332, 405, 280, 600, 459, 316, 460, 376, 442, 464, 449, 308, 475, 436, 470, 307, 380, 391, 427, 416, 382, 527, 339, 457, 422, 509, 536, 344, 406, 589, 355, 410, 468, 524, 363, 336, 493, 436, 382, 344, 543, 320, 474, 426, 474, 324, 311, 295, 422, 344, 417, 575, 499, 426, 414, 275, 380, 342, 458, 441, 400, 455, 383, 430, 356, 398, 389, 378, 416, 347, 469, 447, 420, 486, 454, 382, 429, 350, 441, 444, 341, 459, 475, 439, 480, 340, 361, 333, 359, 436, 356, 492, 456, 459, 386, 565, 630, 395, 451, 385, 357, 427, 329, 410, 494, 385, 368, 641, 348, 485, 274, 413, 452, 519, 373, 317, 563, 558, 430, 408, 489, 377, 367, 379, 370, 400, 387, 383, 305, 375, 399, 376, 314, 440, 378, 395, 415, 385, 374, 361, 315, 402, 326, 434, 464, 381, 325, 368, 326, 471, 330, 499, 514, 462, 303, 227, 475, 403, 459, 499, 395, 364, 597, 398, 499, 355, 384, 365, 479, 330, 492, 456, 325, 372, 430, 508, 360, 428, 374, 372, 567, 423, 409, 392, 469, 276, 573, 351, 345, 416, 423, 344, 454, 466, 490, 341, 352, 300, 280, 336, 485, 356, 413, 598, 464, 303, 305, 485, 478, 573, 246, 433, 369, 461, 414]; 

%HighScoreWordPlayer
