%BalanceOnRackPlayer
x = [201, 165, 114, 218, 210, 187, 188, 207, 196, 257, 232, 144, 221, 264, 230, 226, 187, 228, 227, 221, 212, 308, 219, 271, 209, 201, 191, 200, 164, 174, 203, 167, 213, 230, 198, 226, 158, 172, 174, 189, 251, 263, 172, 186, 254, 244, 171, 233, 257, 286, 233, 271, 225, 207, 183, 167, 262, 249, 217, 176, 247, 183, 147, 215, 233, 177, 185, 167, 195, 202, 199, 230, 192, 175, 210, 236, 163, 220, 218, 209, 240, 210, 233, 175, 225, 220, 276, 200, 212, 245, 268, 219, 225, 113, 244, 228, 246, 233, 165, 267, 181, 204, 163, 186, 161, 250, 208, 259, 228, 225, 148, 155, 220, 213, 320, 256, 267, 206, 225, 215, 285, 221, 212, 205, 283, 231, 191, 182, 233, 202, 261, 142, 190, 178, 218, 234, 275, 191, 247, 233, 224, 206, 170, 176, 288, 199, 232, 261, 237, 209, 200, 225, 183, 208, 221, 234, 194, 241, 214, 193, 230, 231, 272, 218, 162, 172, 205, 200, 220, 271, 152, 181, 231, 255, 217, 243, 210, 165, 186, 221, 214, 180, 196, 155, 124, 320, 160, 106, 239, 254, 229, 264, 202, 133, 260, 256, 239, 252, 193, 312, 280, 182, 232, 224, 172, 258, 230, 219, 256, 172, 289, 146, 277, 253, 212, 217, 257, 231, 195, 189, 224, 256, 161, 331, 150, 239, 184, 285, 247, 286, 170, 195, 172, 285, 301, 188, 189, 209, 271, 199, 246, 233, 307, 171, 171, 158, 195, 218, 283, 293, 181, 170, 174, 238, 230, 212, 287, 193, 301, 188, 178, 179, 161, 175, 250, 239, 240, 209, 145, 168, 243, 185, 289, 189, 236, 243, 253, 240, 231, 174, 217, 270, 229, 189, 179, 162, 221, 240, 206, 195, 256, 160, 185, 145, 220, 186, 217, 210, 206, 169, 229, 226, 165, 205, 166, 285, 122, 251, 175, 222, 216, 184, 201, 170, 256, 202, 270, 172, 162, 202, 164, 208, 198, 277, 267, 199, 233, 208, 174, 204, 213, 190, 185, 211, 237, 239, 181, 197, 211, 121, 225, 163, 227, 249, 181, 201, 240, 261, 177, 231, 223, 321, 172, 196, 199, 184, 237, 176, 152, 210, 175, 151, 212, 221, 256, 214, 254, 251, 244, 172, 173, 206, 219, 193, 183, 157, 247, 213, 137, 271, 206, 313, 176, 243, 242, 210, 212, 189, 297, 167, 144, 236, 214, 163, 205, 173, 156, 224, 263, 214, 244, 178, 125, 260, 198, 225, 235, 162, 245, 229, 188, 224, 136, 214, 175, 231, 218, 259, 246, 277, 222, 205, 219, 280, 170, 181, 222, 219, 269, 165, 217, 179, 207, 212, 159, 216, 151, 200, 272, 176, 208, 208, 138, 242, 212, 253, 191, 169, 321, 138, 262, 220, 239, 219, 183, 244, 279, 224, 180, 132, 209, 254, 198, 200, 220, 242, 221, 154, 232, 176, 257, 276, 232, 250, 226, 169, 232, 219, 166, 184, 265, 250, 121, 232, 241, 269, 212, 248, 203, 274, 224, 207, 265, 191, 260, 242, 225, 227, 269, 189, 211, 241, 224, 221, 214, 233, 188, 325, 153, 229, 223, 139, 214, 219, 158, 192, 165, 271, 268, 205, 210, 117, 198, 183, 189, 227, 203, 167, 199, 181, 200, 184, 251, 207, 150, 164, 293, 266, 171, 239, 199, 240, 203, 246, 286, 239, 211, 246, 253, 200, 211, 194, 202, 121, 225, 238, 334, 140, 215, 179, 236, 233, 211, 228, 252, 213, 213, 207, 255, 180, 159, 221, 241, 205, 361, 237, 172, 303, 240, 183, 153, 192, 220, 173, 213, 221, 185, 219, 233, 173, 172, 228, 173, 220, 231, 198, 244, 165, 193, 217, 168, 249, 183, 244, 183, 223, 200, 254, 208, 190, 231, 236, 183, 181, 267, 195, 166, 159, 215, 184, 211, 158, 190, 238, 204, 157, 190, 202, 251, 199, 253, 221, 210, 214, 217, 186, 136, 120, 182, 186, 214, 179, 252, 253, 166, 222, 223, 231, 184, 243, 207, 272, 274, 180, 167, 133, 223, 229, 243, 212, 191, 295, 202, 195, 268, 202, 205, 176, 254, 185, 314, 234, 192, 207, 248, 203, 250, 222, 150, 248, 146, 203, 213, 263, 251, 245, 287, 177, 191, 204, 223, 217, 148, 223, 176, 205, 244, 179, 202, 180, 237, 164, 241, 211, 237, 220, 188, 227, 217, 283, 230, 238, 284, 182, 276, 231, 197, 211, 197, 192, 239, 219, 265, 202, 200, 242, 185, 251, 162, 235, 199, 207, 180, 237, 220, 231, 205, 298, 160, 273, 236, 177, 139, 258, 223, 237, 153, 223, 316, 287, 198, 197, 268, 220, 278, 281, 175, 188, 201, 265, 202, 60, 246, 157, 180, 189, 243, 205, 297, 257, 192, 319, 249, 191, 175, 179, 224, 177, 188, 211, 177, 184, 218, 221, 188, 148, 246, 157, 246, 297, 198, 243, 239, 254, 235, 237, 244, 199, 220, 180, 225, 216, 209, 261, 259, 257, 238, 265, 165, 251, 138, 160, 181, 222, 225, 102, 245, 253, 219, 196, 226, 169, 175, 262, 167, 150, 225, 187, 209, 233, 177, 254, 214, 251, 284, 236, 201, 213, 228, 237, 189, 175, 169, 213, 261, 163, 282, 201, 177, 255, 211, 185, 234, 245, 257, 244, 220, 214, 301, 237, 208, 220, 228, 226, 243, 201, 220, 232, 263, 224, 222, 209, 180, 220, 256, 188, 217, 224, 255, 165, 338, 228, 266, 134, 243, 253, 246, 222, 254, 214, 289, 213, 215, 217, 241, 161, 164, 235, 325, 183, 215, 206, 273, 225, 197, 179, 182, 326, 256, 196, 253, 297, 227, 212, 250, 256, 198, 235, 197, 160, 202, 157, 193, 218, 192, 232, 190, 164, 328, 182, 172, 238, 178, 189, 175, 199, 297, 293, 218, 190, 226, 243, 190, 289, 158, 172, 190, 213, 272, 327, 250, 195, 224, 173, 233, 233, 234, 193, 176, 270, 158, 301, 186, 244, 163, 223, 224, 169, 201, 201, 313, 171, 177, 195, 201, 216, 225, 268, 261, 217, 223, 327, 194, 200, 202, 220, 205, 266, 253, 172, 204, 185, 263, 195, 222, 212, 185, 172, 179, 186]; 

%HighScoreWordPlayer
