% HighestBonusRoundPlayer
x = [299, 268, 240, 257, 307, 302, 275, 228, 203, 435, 191, 278, 247, 439, 238, 316, 292, 373, 319, 280, 306, 219, 336, 339, 217, 284, 326, 311, 280, 275, 266, 288, 285, 209, 370, 321, 185, 256, 318, 278, 318, 414, 304, 247, 227, 276, 343, 200, 291, 244, 311, 211, 271, 310, 273, 274, 283, 334, 276, 333, 351, 205, 368, 176, 399, 353, 220, 278, 312, 266, 254, 219, 282, 305, 260, 253, 378, 501, 223, 369, 302, 286, 403, 300, 287, 332, 457, 250, 226, 399, 381, 273, 248, 290, 331, 297, 242, 246, 321, 247, 333, 441, 284, 278, 341, 320, 355, 364, 321, 231, 335, 203, 340, 276, 321, 242, 349, 181, 355, 380, 311, 360, 227, 320, 278, 350, 210, 270, 356, 393, 280, 286, 322, 275, 360, 362, 263, 360, 267, 288, 374, 282, 363, 313, 301, 348, 207, 294, 232, 408, 299, 344, 352, 237, 303, 221, 168, 324, 312, 270, 264, 409, 265, 253, 278, 262, 228, 194, 230, 376, 367, 291, 326, 255, 371, 378, 246, 344, 534, 222, 324, 338, 369, 280, 264, 304, 283, 306, 335, 251, 254, 219, 348, 232, 312, 221, 400, 270, 149, 228, 251, 367, 358, 302, 193, 455, 249, 364, 338, 297, 312, 289, 352, 469, 207, 273, 321, 317, 247, 308, 317, 319, 359, 208, 283, 327, 308, 275, 286, 240, 350, 233, 410, 275, 273, 361, 280, 289, 230, 333, 311, 364, 437, 224, 223, 369, 271, 298, 251, 251, 280, 209, 292, 316, 246, 245, 239, 196, 359, 333, 302, 325, 223, 275, 339, 332, 375, 256, 340, 318, 249, 269, 312, 350, 314, 346, 176, 292, 244, 289, 169, 211, 246, 287, 215, 448, 372, 270, 338, 282, 378, 237, 336, 252, 263, 385, 237, 295, 274, 243, 211, 333, 187, 258, 279, 280, 257, 285, 293, 588, 261, 214, 378, 309, 336, 338, 356, 248, 333, 296, 287, 268, 380, 323, 226, 294, 343, 421, 310, 326, 358, 247, 312, 309, 297, 397, 251, 358, 262, 237, 201, 441, 306, 220, 170, 254, 324, 274, 312, 354, 297, 443, 307, 439, 373, 315, 289, 304, 322, 226, 263, 282, 384, 508, 358, 375, 416, 361, 232, 287, 268, 365, 309, 251, 338, 238, 212, 395, 377, 410, 246, 239, 272, 377, 222, 272, 283, 199, 327, 383, 231, 219, 364, 329, 473, 322, 284, 213, 186, 255, 399, 224, 295, 399, 386, 306, 275, 308, 459, 475, 359, 399, 393, 381, 260, 363, 349, 203, 373, 358, 356, 241, 399, 375, 215, 379, 272, 261, 278, 239, 288, 225, 218, 300, 421, 447, 352, 353, 212, 384, 250, 382, 269, 255, 391, 297, 270, 243, 468, 368, 304, 348, 366, 271, 287, 393, 172, 399, 452, 346, 385, 188, 297, 344, 318, 351, 235, 255, 302, 274, 289, 315, 348, 357, 215, 351, 306, 451, 357, 237, 400, 259, 235, 279, 321, 345, 242, 245, 325, 238, 306, 233, 259, 408, 375, 266, 358, 258, 336, 346, 268, 272, 201, 290, 241, 287, 379, 370, 367, 427, 339, 260, 247, 276, 376, 295, 236, 242, 283, 212, 362, 252, 408, 465, 284, 342, 381, 364, 302, 352, 485, 209, 257, 330, 261, 215, 323, 274, 258, 325, 330, 330, 307, 268, 380, 484, 446, 301, 357, 245, 180, 321, 365, 324, 256, 457, 239, 287, 250, 358, 348, 278, 310, 345, 365, 381, 394, 331, 301, 281, 339, 241, 270, 350, 359, 247, 357, 253, 280, 298, 455, 310, 246, 305, 270, 378, 332, 343, 284, 311, 288, 180, 289, 340, 388, 266, 427, 258, 295, 229, 446, 206, 251, 328, 285, 410, 219, 326, 238, 238, 376, 314, 344, 359, 250, 357, 377, 349, 277, 194, 347, 283, 313, 181, 225, 432, 401, 362, 310, 315, 352, 206, 204, 217, 284, 343, 255, 334, 416, 308, 333, 266, 388, 303, 378, 281, 444, 289, 343, 224, 385, 216, 326, 264, 206, 309, 291, 348, 238, 244, 264, 575, 356, 421, 414, 368, 325, 415, 513, 331, 274, 204, 314, 176, 328, 211, 438, 291, 242, 291, 251, 307, 428, 345, 418, 386, 390, 220, 287, 300, 333, 198, 312, 323, 333, 274, 190, 261, 331, 326, 338, 200, 277, 278, 223, 333, 371, 293, 223, 226, 362, 312, 432, 386, 346, 216, 251, 239, 353, 285, 219, 364, 260, 326, 307, 316, 309, 238, 250, 245, 301, 385, 496, 349, 254, 329, 229, 254, 333, 301, 310, 218, 307, 324, 381, 324, 324, 289, 417, 384, 268, 354, 223, 426, 235, 301, 181, 282, 284, 460, 231, 342, 278, 285, 257, 273, 404, 392, 380, 228, 317, 490, 259, 254, 427, 244, 350, 239, 310, 303, 509, 322, 301, 313, 357, 351, 244, 240, 260, 326, 279, 248, 365, 211, 415, 347, 408, 293, 318, 268, 247, 371, 183, 378, 374, 269, 412, 444, 241, 222, 261, 325, 285, 335, 290, 248, 253, 334, 288, 291, 340, 198, 303, 266, 317, 309, 210, 424, 260, 395, 334, 292, 438, 295, 335, 328, 390, 426, 393, 363, 385, 340, 291, 340, 203, 237, 437, 266, 301, 229, 322, 252, 326, 251, 270, 241, 390, 317, 443, 175, 330, 370, 493, 330, 298, 311, 285, 242, 346, 248, 219, 259, 291, 281, 212, 215, 225, 201, 236, 262, 270, 225, 288, 277, 304, 401, 310, 281, 289, 314, 377, 288, 286, 197, 278, 440, 299, 288, 432, 372, 260, 366, 284, 397, 302, 402, 392, 299, 252, 295, 343, 210, 466, 371, 377, 229, 289, 286, 385, 248, 289, 347, 237, 315, 241, 492, 230, 289, 277, 277, 294, 253, 378, 350, 325, 421, 336, 362, 286, 418, 217, 283, 292, 430, 238, 470, 235, 355, 426, 349, 382, 292, 204, 302, 330, 288, 299, 205, 346, 204, 408, 238, 232, 378, 343, 468, 346, 380, 337, 345, 308, 275, 404, 398, 314, 365, 286, 271, 354, 307, 369, 351, 351, 196, 311, 457, 357, 214, 417, 278, 286, 347, 302, 375, 316, 300, 206, 326, 278, 315];

% HighScoreWordPlayer
