%BalanceOnRackPlayer
x = [381, 370, 265, 279, 233, 277, 304, 329, 243, 336, 253, 223, 337, 321, 357, 436, 163, 286, 251, 489, 290, 263, 247, 329, 343, 253, 316, 449, 500, 318, 326, 350, 265, 410, 249, 444, 341, 330, 216, 241, 374, 338, 294, 333, 226, 228, 318, 316, 303, 233, 329, 403, 366, 375, 340, 328, 323, 260, 290, 185, 352, 325, 322, 404, 228, 302, 312, 303, 385, 352, 221, 367, 263, 261, 191, 230, 318, 336, 375, 497, 312, 419, 328, 203, 373, 148, 261, 326, 260, 372, 248, 242, 460, 292, 269, 243, 345, 328, 266, 312, 274, 298, 332, 406, 286, 377, 295, 303, 446, 289, 285, 332, 255, 212, 407, 353, 314, 371, 319, 231, 319, 194, 403, 194, 263, 278, 330, 235, 305, 354, 310, 365, 328, 298, 236, 417, 252, 252, 239, 295, 260, 426, 351, 290, 247, 233, 291, 347, 348, 352, 171, 435, 362, 220, 211, 423, 289, 277, 358, 347, 306, 306, 251, 372, 320, 255, 262, 220, 336, 311, 320, 223, 380, 276, 462, 344, 295, 226, 298, 401, 263, 260, 292, 294, 366, 466, 337, 361, 251, 310, 388, 364, 215, 365, 309, 234, 452, 269, 255, 412, 338, 331, 217, 273, 253, 407, 222, 165, 452, 358, 233, 322, 316, 318, 230, 205, 483, 274, 262, 260, 206, 396, 266, 311, 225, 235, 254, 307, 385, 308, 412, 451, 318, 270, 233, 321, 308, 275, 354, 383, 386, 370, 256, 223, 140, 263, 380, 323, 315, 395, 295, 312, 381, 294, 393, 324, 293, 316, 246, 228, 272, 439, 326, 395, 328, 236, 341, 343, 201, 316, 292, 329, 201, 274, 292, 268, 287, 347, 353, 366, 322, 338, 189, 341, 251, 579, 356, 303, 185, 326, 275, 293, 277, 291, 353, 339, 246, 352, 279, 207, 226, 239, 223, 242, 283, 280, 457, 152, 416, 286, 277, 348, 294, 175, 338, 221, 263, 261, 411, 316, 327, 380, 323, 337, 317, 289, 282, 230, 345, 308, 464, 547, 277, 264, 357, 218, 465, 418, 293, 237, 281, 190, 313, 233, 364, 397, 414, 318, 386, 247, 295, 234, 353, 229, 324, 332, 281, 297, 337, 276, 355, 414, 263, 399, 350, 371, 254, 318, 346, 253, 295, 385, 288, 186, 338, 225, 273, 222, 402, 406, 384, 281, 291, 247, 196, 396, 362, 274, 262, 388, 377, 225, 308, 396, 386, 317, 373, 278, 412, 278, 272, 276, 256, 300, 337, 348, 293, 221, 219, 411, 312, 192, 282, 346, 365, 403, 296, 349, 204, 331, 281, 259, 296, 314, 288, 245, 341, 334, 265, 358, 186, 187, 383, 260, 428, 335, 210, 387, 370, 256, 351, 254, 253, 251, 403, 281, 293, 335, 251, 225, 236, 409, 282, 296, 315, 448, 269, 254, 274, 218, 297, 474, 546, 378, 366, 255, 238, 214, 265, 286, 219, 260, 293, 303, 268, 407, 346, 253, 292, 300, 275, 265, 258, 362, 443, 183, 290, 356, 371, 292, 272, 264, 273, 242, 266, 283, 227, 329, 329, 294, 342, 308, 265, 283, 258, 257, 395, 304, 285, 348, 275, 374, 343, 317, 249, 570, 377, 325, 306, 348, 423, 324, 273, 321, 289, 386, 236, 332, 332, 332, 303, 318, 614, 335, 285, 438, 360, 270, 333, 357, 464, 261, 242, 338, 319, 519, 312, 204, 320, 369, 209, 259, 362, 320, 322, 370, 341, 290, 331, 297, 343, 307, 278, 359, 245, 418, 270, 336, 273, 328, 288, 299, 246, 379, 274, 255, 279, 301, 304, 354, 298, 401, 326, 350, 416, 261, 427, 322, 263, 364, 331, 227, 239, 231, 360, 360, 343, 358, 327, 305, 431, 316, 222, 365, 359, 400, 300, 434, 366, 428, 175, 282, 368, 260, 240, 302, 266, 340, 453, 368, 282, 270, 256, 265, 320, 299, 430, 224, 318, 375, 365, 308, 279, 476, 374, 243, 437, 346, 177, 295, 324, 462, 348, 293, 266, 323, 314, 289, 284, 336, 367, 286, 359, 410, 379, 234, 294, 242, 332, 223, 353, 303, 255, 447, 239, 257, 319, 341, 183, 315, 294, 445, 315, 267, 240, 238, 310, 318, 192, 189, 467, 230, 516, 256, 240, 275, 295, 331, 402, 270, 248, 324, 315, 285, 347, 208, 252, 249, 281, 356, 219, 308, 312, 243, 236, 204, 387, 274, 283, 317, 495, 295, 286, 318, 231, 245, 271, 432, 412, 320, 335, 346, 249, 283, 280, 384, 322, 298, 251, 250, 415, 291, 179, 379, 369, 309, 334, 253, 339, 204, 200, 313, 220, 231, 255, 309, 294, 326, 327, 323, 539, 318, 273, 321, 331, 331, 344, 317, 316, 212, 190, 268, 271, 330, 324, 255, 285, 277, 313, 322, 420, 235, 263, 326, 312, 344, 355, 272, 277, 205, 299, 348, 350, 216, 204, 337, 246, 80, 250, 233, 237, 243, 256, 325, 346, 346, 268, 308, 405, 661, 322, 190, 299, 307, 352, 246, 245, 535, 352, 319, 321, 330, 280, 391, 247, 231, 328, 306, 345, 390, 263, 337, 400, 251, 359, 462, 271, 295, 331, 338, 468, 354, 253, 330, 403, 402, 248, 411, 273, 317, 239, 212, 212, 321, 247, 199, 267, 301, 354, 228, 415, 304, 316, 337, 265, 302, 366, 301, 324, 227, 312, 223, 589, 281, 282, 722, 255, 215, 258, 285, 400, 301, 455, 280, 344, 248, 302, 280, 201, 261, 247, 350, 413, 287, 322, 337, 289, 246, 379, 274, 326, 342, 447, 314, 327, 292, 322, 376, 263, 303, 373, 339, 244, 315, 201, 419, 250, 337, 290, 289, 384, 329, 424, 358, 286, 247, 257, 297, 390, 443, 219, 424, 431, 338, 284, 255, 324, 363, 259, 200, 368, 369, 222, 331, 235, 408, 361, 245, 272, 310, 315, 248, 291, 214, 354, 497, 277, 366, 260, 387, 262, 435, 274, 309, 296, 283, 372, 300, 382, 382, 260, 258, 279, 246, 266, 244, 368, 307, 356, 363, 436, 348, 213, 264, 367, 217, 348, 375, 317, 247, 243, 406, 238, 320, 327, 338, 251, 365, 331, 328, 177, 304, 284, 308, 203, 367, 386, 241, 295, 314]; 

%HighScoreWordPlayer
