%BalanceOnRackPlayer
x = [447, 386, 385, 460, 374, 453, 498, 436, 479, 475, 333, 387, 442, 436, 512, 334, 310, 330, 525, 362, 366, 471, 514, 377, 318, 294, 353, 359, 360, 413, 436, 418, 456, 478, 319, 326, 394, 303, 412, 318, 439, 344, 656, 403, 471, 523, 438, 761, 320, 441, 518, 357, 535, 362, 456, 399, 463, 418, 460, 603, 490, 361, 293, 334, 589, 384, 575, 304, 451, 643, 431, 308, 596, 352, 503, 293, 399, 308, 298, 441, 581, 418, 348, 399, 435, 437, 508, 323, 523, 334, 438, 440, 470, 464, 343, 386, 371, 395, 441, 467, 455, 312, 485, 490, 341, 462, 370, 439, 292, 366, 386, 472, 417, 376, 304, 398, 428, 457, 402, 447, 311, 344, 389, 371, 411, 316, 411, 429, 427, 366, 512, 399, 301, 258, 368, 325, 349, 545, 489, 361, 418, 455, 368, 415, 461, 326, 427, 336, 553, 440, 378, 353, 522, 288, 333, 386, 512, 435, 424, 334, 424, 436, 426, 253, 381, 564, 368, 475, 308, 309, 366, 372, 392, 566, 419, 461, 396, 426, 328, 430, 465, 389, 406, 351, 431, 440, 448, 471, 430, 446, 290, 466, 434, 469, 342, 494, 328, 322, 439, 605, 479, 386, 322, 452, 384, 514, 391, 360, 304, 381, 458, 549, 389, 350, 341, 535, 442, 346, 488, 382, 390, 257, 415, 384, 531, 518, 519, 365, 392, 465, 353, 297, 491, 362, 334, 436, 377, 515, 631, 497, 344, 519, 403, 571, 407, 421, 420, 370, 321, 331, 497, 525, 407, 366, 442, 420, 253, 479, 459, 448, 471, 356, 419, 332, 381, 385, 389, 413, 373, 390, 333, 369, 399, 332, 535, 374, 347, 486, 468, 522, 451, 416, 353, 494, 465, 390, 549, 357, 546, 541, 317, 368, 474, 384, 415, 414, 396, 433, 491, 203, 351, 459, 370, 310, 406, 390, 471, 407, 398, 457, 504, 371, 428, 416, 306, 525, 341, 461, 408, 376, 411, 310, 302, 415, 354, 376, 349, 310, 315, 430, 441, 479, 329, 359, 415, 415, 549, 259, 493, 477, 399, 370, 456, 437, 330, 357, 353, 417, 352, 375, 307, 431, 496, 397, 574, 375, 422, 474, 536, 431, 484, 473, 398, 413, 432, 431, 512, 392, 436, 369, 376, 438, 430, 507, 413, 521, 351, 410, 490, 286, 310, 339, 387, 295, 507, 341, 463, 308, 305, 354, 363, 414, 441, 386, 507, 522, 374, 369, 381, 559, 361, 328, 325, 377, 368, 407, 584, 339, 345, 302, 327, 385, 429, 488, 382, 345, 437, 535, 391, 531, 347, 439, 297, 421, 392, 320, 313, 400, 490, 355, 365, 435, 334, 535, 398, 409, 408, 684, 346, 402, 445, 390, 381, 346, 414, 432, 394, 343, 282, 387, 300, 377, 298, 555, 542, 388, 372, 491, 473, 447, 372, 370, 377, 447, 370, 386, 417, 393, 384, 286, 398, 339, 334, 371, 383, 416, 450, 421, 501, 366, 289, 364, 420, 481, 401, 369, 420, 359, 518, 464, 498, 396, 424, 379, 385, 410, 372, 349, 322, 403, 412, 440, 503, 321, 398, 324, 501, 322, 400, 368, 464, 553, 395, 416, 320, 385, 591, 360, 356, 362, 724, 355, 400, 508, 359, 498, 427, 294, 402, 500, 340, 458, 363, 381, 429, 414, 383, 386, 411, 454, 431, 393, 417, 468, 504, 419, 381, 346, 362, 388, 406, 337, 563, 376, 404, 454, 370, 590, 300, 525, 344, 747, 406, 448, 417, 375, 394, 322, 516, 427, 400, 535, 636, 625, 325, 396, 445, 387, 352, 516, 494, 463, 459, 406, 406, 487, 436, 552, 492, 357, 442, 422, 486, 376, 396, 379, 521, 295, 335, 398, 411, 563, 309, 367, 368, 314, 501, 508, 394, 380, 431, 302, 487, 326, 470, 435, 469, 508, 440, 339, 415, 501, 437, 401, 416, 365, 523, 523, 448, 340, 632, 316, 486, 367, 368, 497, 424, 529, 452, 312, 381, 316, 516, 474, 326, 277, 603, 358, 345, 406, 531, 370, 384, 407, 503, 336, 384, 575, 549, 487, 502, 334, 338, 556, 547, 495, 454, 409, 467, 347, 296, 333, 456, 399, 377, 358, 475, 598, 298, 418, 613, 381, 426, 421, 453, 449, 337, 443, 401, 472, 552, 403, 423, 338, 311, 446, 440, 483, 302, 367, 442, 521, 360, 461, 437, 350, 317, 366, 350, 639, 339, 426, 370, 334, 323, 435, 350, 410, 298, 481, 298, 367, 468, 357, 435, 365, 511, 368, 420, 322, 516, 376, 655, 435, 552, 399, 364, 650, 418, 475, 344, 459, 613, 515, 324, 438, 288, 417, 396, 663, 357, 452, 346, 416, 385, 467, 367, 407, 405, 447, 421, 387, 457, 343, 362, 430, 504, 394, 472, 634, 354, 567, 439, 369, 383, 497, 475, 562, 376, 644, 453, 341, 514, 404, 417, 458, 460, 374, 272, 429, 363, 549, 397, 474, 486, 600, 436, 353, 451, 553, 336, 393, 383, 327, 332, 449, 465, 397, 263, 476, 404, 411, 639, 377, 405, 341, 433, 464, 343, 435, 536, 305, 433, 331, 312, 464, 421, 410, 292, 547, 365, 386, 396, 322, 281, 550, 557, 430, 420, 374, 322, 344, 498, 477, 310, 391, 436, 346, 466, 398, 350, 477, 416, 492, 410, 448, 463, 320, 342, 524, 470, 505, 397, 308, 273, 605, 593, 339, 284, 407, 333, 547, 354, 501, 330, 430, 316, 412, 623, 496, 461, 476, 497, 329, 427, 378, 386, 485, 396, 387, 358, 300, 398, 380, 418, 317, 595, 450, 501, 439, 481, 361, 344, 531, 516, 421, 397, 498, 396, 371, 544, 318, 459, 598, 308, 567, 363, 525, 392, 383, 369, 339, 404, 354, 340, 417, 478, 369, 306, 358, 390, 225, 330, 429, 325, 377, 365, 334, 339, 439, 499, 324, 370, 415, 358, 397, 394, 432, 409, 347, 479, 400, 385, 408, 353, 349, 343, 479, 290, 401, 490, 484, 328, 498, 486, 332, 346, 497, 754, 494, 351, 367, 363, 422, 418, 336, 464, 404, 339, 466, 422, 324, 388, 454, 341, 493, 357, 376, 491, 504, 437, 406, 310, 406, 447, 405, 332, 416, 288, 395]; 

%HighScoreWordPlayer
