%BalanceOnRackPlayer
x = [332, 461, 327, 424, 419, 345, 455, 365, 393, 327, 339, 369, 382, 365, 573, 343, 271, 368, 474, 345, 402, 552, 329, 585, 381, 551, 370, 461, 440, 385, 367, 427, 523, 362, 425, 445, 347, 339, 367, 530, 267, 374, 361, 500, 489, 216, 346, 355, 398, 533, 549, 516, 430, 303, 301, 402, 444, 578, 373, 515, 277, 409, 478, 335, 359, 462, 338, 398, 454, 486, 491, 451, 425, 383, 428, 491, 331, 442, 293, 363, 435, 348, 317, 578, 468, 356, 369, 334, 427, 348, 350, 313, 546, 460, 330, 470, 388, 374, 242, 287, 424, 502, 393, 395, 444, 391, 408, 401, 535, 344, 385, 362, 274, 149, 354, 294, 245, 342, 491, 445, 376, 397, 473, 381, 406, 307, 346, 362, 584, 322, 473, 376, 336, 353, 369, 480, 250, 374, 443, 610, 500, 441, 477, 455, 375, 335, 252, 503, 398, 679, 428, 345, 425, 371, 526, 484, 415, 384, 411, 395, 512, 229, 338, 361, 290, 469, 411, 466, 344, 456, 379, 331, 401, 484, 365, 459, 385, 455, 386, 399, 399, 380, 459, 214, 369, 481, 435, 338, 397, 473, 403, 601, 317, 370, 460, 366, 428, 460, 382, 460, 350, 380, 346, 387, 420, 340, 362, 411, 407, 450, 460, 322, 400, 346, 448, 400, 432, 322, 421, 553, 459, 500, 380, 329, 437, 379, 417, 339, 303, 334, 357, 371, 500, 369, 518, 401, 347, 323, 348, 482, 418, 400, 407, 383, 414, 499, 445, 487, 318, 313, 390, 332, 363, 374, 616, 396, 437, 409, 517, 386, 390, 377, 407, 316, 393, 437, 483, 354, 335, 506, 415, 381, 448, 312, 401, 303, 319, 432, 422, 365, 591, 272, 389, 411, 320, 364, 468, 344, 425, 448, 378, 515, 330, 280, 373, 443, 331, 478, 421, 393, 401, 574, 494, 482, 406, 298, 451, 462, 452, 381, 428, 528, 345, 418, 525, 469, 411, 324, 343, 485, 347, 436, 379, 366, 299, 396, 267, 395, 393, 398, 476, 401, 476, 364, 366, 395, 332, 344, 373, 489, 260, 420, 395, 392, 584, 392, 348, 331, 343, 316, 459, 400, 344, 384, 418, 314, 392, 412, 214, 432, 376, 458, 373, 442, 481, 349, 303, 353, 552, 393, 313, 382, 568, 492, 350, 322, 445, 388, 430, 377, 337, 410, 569, 396, 433, 511, 447, 361, 314, 496, 371, 419, 404, 360, 432, 323, 467, 460, 338, 341, 337, 456, 507, 510, 392, 307, 369, 362, 393, 342, 476, 418, 419, 706, 400, 388, 280, 437, 422, 372, 550, 345, 427, 345, 362, 435, 514, 370, 335, 358, 382, 361, 502, 383, 316, 352, 324, 465, 412, 328, 416, 551, 216, 406, 372, 460, 371, 460, 544, 464, 514, 414, 366, 469, 419, 556, 614, 327, 324, 356, 328, 334, 384, 319, 474, 301, 434, 284, 232, 279, 449, 365, 322, 382, 424, 484, 357, 420, 233, 395, 345, 469, 302, 377, 252, 410, 465, 373, 515, 435, 360, 496, 427, 397, 496, 345, 378, 496, 137, 515, 473, 422, 554, 559, 412, 322, 470, 415, 303, 387, 459, 302, 391, 293, 492, 395, 445, 497, 355, 308, 351, 294, 381, 318, 422, 371, 352, 576, 327, 450, 559, 315, 384, 399, 463, 570, 492, 534, 362, 402, 367, 391, 568, 362, 521, 435, 311, 307, 495, 315, 328, 491, 375, 465, 313, 363, 505, 378, 467, 387, 360, 428, 317, 300, 475, 421, 366, 572, 569, 447, 565, 328, 323, 518, 303, 312, 393, 447, 369, 497, 363, 383, 492, 343, 377, 637, 284, 405, 599, 321, 435, 295, 383, 370, 409, 352, 416, 272, 436, 481, 399, 423, 368, 298, 414, 448, 377, 486, 378, 480, 383, 458, 371, 772, 499, 430, 375, 447, 309, 383, 440, 382, 405, 449, 421, 538, 432, 444, 294, 330, 456, 487, 341, 601, 442, 447, 390, 425, 330, 504, 384, 493, 415, 495, 408, 532, 324, 304, 449, 358, 456, 336, 265, 486, 368, 411, 404, 338, 365, 472, 361, 547, 478, 454, 445, 511, 388, 436, 398, 509, 358, 572, 385, 460, 514, 300, 324, 355, 493, 366, 383, 386, 338, 391, 399, 488, 404, 445, 368, 319, 314, 347, 458, 289, 551, 331, 465, 511, 424, 370, 326, 500, 305, 449, 434, 454, 470, 328, 538, 444, 353, 454, 408, 483, 361, 587, 597, 394, 562, 342, 316, 448, 346, 332, 341, 347, 408, 353, 393, 346, 603, 270, 359, 296, 418, 584, 414, 483, 392, 411, 387, 354, 598, 412, 400, 367, 500, 345, 461, 304, 407, 452, 455, 333, 424, 300, 612, 332, 356, 338, 461, 409, 275, 343, 357, 379, 619, 505, 329, 516, 339, 357, 552, 518, 444, 485, 365, 413, 386, 536, 418, 319, 387, 478, 400, 626, 400, 449, 398, 397, 424, 360, 482, 475, 366, 345, 373, 352, 669, 368, 358, 359, 307, 471, 424, 368, 310, 422, 334, 353, 469, 371, 456, 314, 485, 472, 266, 357, 385, 397, 294, 384, 335, 621, 392, 336, 512, 314, 401, 518, 471, 376, 430, 264, 376, 352, 303, 379, 542, 381, 462, 299, 332, 411, 423, 310, 370, 438, 467, 353, 461, 301, 360, 310, 300, 362, 369, 254, 411, 558, 584, 380, 406, 429, 499, 641, 370, 340, 399, 494, 462, 311, 367, 421, 323, 518, 435, 304, 508, 390, 369, 364, 315, 319, 451, 400, 458, 412, 361, 496, 345, 397, 435, 369, 342, 348, 361, 318, 467, 341, 425, 381, 390, 312, 360, 374, 514, 351, 452, 357, 308, 306, 291, 400, 522, 368, 272, 384, 470, 504, 363, 238, 408, 395, 576, 364, 678, 454, 473, 498, 501, 462, 316, 490, 562, 404, 392, 327, 413, 473, 409, 503, 377, 448, 297, 367, 471, 447, 453, 396, 437, 476, 573, 534, 403, 385, 456, 430, 544, 458, 434, 393, 539, 414, 367, 335, 373, 293, 411, 403, 373, 375, 330, 498, 368, 428, 368, 465, 407, 457, 533, 567, 435, 353, 316, 342, 408, 338, 304, 363, 290, 291, 388, 417, 288, 409, 344, 435, 454, 414];

%HighScoreWordPlayer
